RPC-MT1 9600 20.5 1009 41 58.2 58.4 42.4
RPC-MT1 9700 20.5 1009 41 60.2 54.4 50.4
RPC-MT1 9700 20.5 1009 41 58.2 58.4 60.4
RPC-MT1 9700 20.5 1009 41 58.2 58.4 65.4
RPC-MT1 10000 20.5 1009 41 58.2 58.4 70.4
RPC-MT1 10100 20.5 1009 41 58.2 58.4 75.4
RPC-MT1 10200 20.5 1009 41 58.2 58.4 89.4
RPC-MT1 10300 20.5 1009 41 58.2 58.4 90.4
RPC-MT1 10400 20.5 1009 41 58.2 58.4 91.4
RPC-MT1 10500 20.5 1009 41 58.2 58.4 92.4
RPC-MT1 10600 20.5 1009 41 58.2 58.4 93.4
RPC-MT1 10700 20.5 1009 41 58.2 58.4 95.4
RPC-MT1 10750 20.5 1009 41 58.2 58.4 96.4
RPC-MT1 10780 20.5 1009 41 58.2 58.4 97.4
RPC-MT1 10800 20.5 1009 41 58.2 58.4 98.4
RPC-MT1 10850 20.5 1009 41 58.2 58.4 98.4
RPC-MT1 10900 20.5 1009 41 58.2 58.4 98.4
RPC-MT1 11000 20.5 1009 41 58.2 58.4 98.4
